-9 10
-8 10
-8 9
-8 8
-8 7
-7 2
-7 5
-7 7
-7 8
-6 2
-5 -8
-5 -9
-5 -10
-5 -11
-5 1
-5 5
-5 7
-5 8
-4 -1
-4 -7
-4 -11
-4 2
-4 3
-4 5
-4 7
-4 9
-4 10
-4 11
-4 12
-4 13
-4 0
-3 -11
-3 -1
-3 0
-3 2
-3 4
-3 6
-3 9
-3 10
-3 11
-3 12
-3 13
-2 -10
-2 -7
-2 -4
-2 -3
-2 0
-2 4
-2 5
-2 6
-2 9
-2 11
-2 12
-1 -5
-1 -2
-1 0
-1 1
0 -5
0 0
0 1
9 10
8 10
8 9
8 9
8 7
7 2
7 5
7 7
7 8
6 2
5 -8
5 -9
5 -10
5 -11
5 1
5 5
5 7
5 8
4 -1
4 -7
4 -11
4 2
4 3
4 5
4 7
4 9
4 10
4 11
4 12
4 13
4 0
3 -11
3 -1
3 0
3 2
3 4
3 6
3 9
3 10
3 11
3 12
3 13
2 -10
2 -7
2 -4
2 -3
2 0
2 4
2 5
2 6
2 9
2 11
2 12
1 -5
1 -2
1 0
1 1
8 8
